['ETH', 'LTC', 'XRP', 'ETC', 'DASH', 'XMR', 'XEM', 'GNT']
1.0,0.2524118289565168,0.13490960065966898,0.25731099887733594,0.30607874875530394,0.2500804881208606,0.1770158664413733,0.5310043533088485,
0.2524118289565168,1.0,0.26807823260114105,0.2429991198235532,0.27053005457118656,0.290541723041482,0.24543458386045724,0.426250939054212,
0.13490960065966898,0.26807823260114105,1.0,0.04721824135163039,0.11945322296250607,0.13631627221669051,0.1923347236625999,0.219835629731469,
0.25731099887733594,0.2429991198235532,0.04721824135163039,1.0,0.2056934609035937,0.12254264916591456,0.14501711371175988,0.5107546563726081,
0.30607874875530394,0.27053005457118656,0.11945322296250607,0.2056934609035937,1.0,0.2997802718800544,0.20573070820576067,0.35001311235420585,
0.2500804881208606,0.290541723041482,0.13631627221669051,0.12254264916591456,0.2997802718800544,1.0,0.1391360413665691,0.44012445244876547,
0.1770158664413733,0.24543458386045724,0.1923347236625999,0.14501711371175988,0.20573070820576067,0.1391360413665691,1.0,0.41396459211094533,
0.5310043533088485,0.426250939054212,0.219835629731469,0.5107546563726081,0.35001311235420585,0.44012445244876547,0.41396459211094533,1.0,

